2 0.26953125 0.565625 0.1828125 0.2296875
4 0.3171875 0.38125 0.1296875 0.1734375
2 0.11796875 0.35703125 0.1171875 0.1640625
2 0.04375 0.303125 0.0875 0.1578125
2 0.18515625 0.30078125 0.090625 0.1453125
2 0.10625 0.24296875 0.0578125 0.0703125
2 0.1484375 0.26796875 0.0578125 0.10625
2 0.13828125 0.225 0.046875 0.075
2 0.21484375 0.2578125 0.0609375 0.08125
2 0.2359375 0.225 0.059375 0.071875
2 0.28984375 0.2546875 0.053125 0.090625
2 0.57421875 0.49296875 0.153125 0.253125
4 0.8453125 0.45703125 0.178125 0.2234375
4 0.5203125 0.3390625 0.084375 0.121875
4 0.55703125 0.3234375 0.059375 0.1015625
2 0.690625 0.30859375 0.0625 0.09375
2 0.95546875 0.39921875 0.0796875 0.15
2 0.36875 0.328125 0.075 0.1140625
2 0.3953125 0.27890625 0.0609375 0.06875
2 0.34453125 0.23359375 0.04375 0.0625
2 0.41875 0.24375 0.0453125 0.075
2 0.6125 0.2796875 0.0359375 0.065625
2 0.6421875 0.29453125 0.059375 0.0796875
2 0.73203125 0.2828125 0.04375 0.0578125
2 0.73515625 0.36953125 0.075 0.1234375
4 0.84375 0.3171875 0.065625 0.115625
2 0.7984375 0.2640625 0.0421875 0.0796875
2 0.903125 0.31015625 0.0796875 0.0859375
4 0.9625 0.2765625 0.0390625 0.075
2 0.875 0.23671875 0.0265625 0.0390625
2 0.6671875 0.23671875 0.034375 0.0625
2 0.53046875 0.22578125 0.03125 0.0484375
2 0.50546875 0.23671875 0.0265625 0.065625
2 0.74609375 0.23359375 0.0359375 0.065625
4 0.8203125 0.24453125 0.0296875 0.0703125