4 0.30546875 0.340625 0.08125 0.1328125
2 0.26796875 0.51953125 0.1078125 0.190625
2 0.57109375 0.4578125 0.109375 0.209375
4 0.8171875 0.41015625 0.1203125 0.19375
2 0.1078125 0.33515625 0.08125 0.1515625
2 0.0296875 0.27890625 0.059375 0.13125
2 0.17265625 0.2859375 0.0703125 0.1125
2 0.1515625 0.2671875 0.0375 0.1015625
2 0.1 0.240625 0.0375 0.0734375
2 0.1375 0.23359375 0.0390625 0.078125
2 0.21171875 0.2515625 0.040625 0.0734375
4 0.2328125 0.2296875 0.0390625 0.0625
4 0.2859375 0.25390625 0.0453125 0.075
2 0.3640625 0.31328125 0.0484375 0.0921875
2 0.39921875 0.28359375 0.046875 0.084375
2 0.34921875 0.23828125 0.028125 0.0578125
2 0.4234375 0.234375 0.0328125 0.0671875
4 0.51953125 0.33125 0.0609375 0.109375
4 0.56640625 0.325 0.0484375 0.090625
2 0.6859375 0.30625 0.0515625 0.0984375
2 0.7328125 0.36328125 0.06875 0.1265625
2 0.959375 0.39921875 0.071875 0.1171875
2 0.909375 0.31171875 0.0453125 0.090625
4 0.84140625 0.309375 0.059375 0.0953125
2 0.8 0.259375 0.0359375 0.0703125
4 0.96328125 0.27421875 0.0328125 0.0703125
2 0.9359375 0.2765625 0.034375 0.078125
2 0.87109375 0.234375 0.0296875 0.0609375
2 0.74375 0.234375 0.034375 0.06875
2 0.6671875 0.24140625 0.034375 0.0640625
2 0.61328125 0.27421875 0.028125 0.0703125
2 0.65234375 0.2984375 0.0375 0.0953125
2 0.53515625 0.23046875 0.03125 0.05625