2 0.3125 0.38046875 0.1078125 0.1390625
2 0.2828125 0.52109375 0.14375 0.18125
4 0.59296875 0.5078125 0.1328125 0.2109375
4 0.83203125 0.44453125 0.16875 0.1921875
4 0.1296875 0.32890625 0.0890625 0.1953125
2 0.0375 0.28125 0.075 0.1421875
2 0.17734375 0.27578125 0.06875 0.1265625
2 0.21875 0.2515625 0.05 0.109375
2 0.29375 0.26796875 0.0453125 0.0875
4 0.271875 0.31171875 0.071875 0.1046875
2 0.3703125 0.32265625 0.0609375 0.096875
2 0.3265625 0.2296875 0.028125 0.0703125
2 0.35 0.23828125 0.0453125 0.0578125
2 0.4 0.28515625 0.05625 0.0921875
2 0.4296875 0.23515625 0.0421875 0.0796875
4 0.528125 0.346875 0.0859375 0.15
2 0.5703125 0.3359375 0.05625 0.11875
2 0.6890625 0.3171875 0.06875 0.1203125
2 0.7359375 0.365625 0.0828125 0.1484375
2 0.9578125 0.403125 0.084375 0.1421875
4 0.840625 0.328125 0.0734375 0.1046875
2 0.90390625 0.31328125 0.05 0.1
2 0.93828125 0.275 0.0546875 0.1046875
2 0.96796875 0.27578125 0.0296875 0.0625
4 0.8171875 0.25703125 0.0546875 0.06875
4 0.75703125 0.23828125 0.04375 0.0734375
2 0.67265625 0.23828125 0.0359375 0.0578125
2 0.6203125 0.2828125 0.05625 0.0828125
2 0.65 0.29765625 0.0578125 0.0984375
2 0.86875 0.23046875 0.03125 0.05625
2 0.8859375 0.2625 0.040625 0.0609375
2 0.5375 0.22578125 0.0390625 0.0578125
2 0.50859375 0.23046875 0.025 0.0421875
2 0.1 0.234375 0.0453125 0.071875
2 0.14296875 0.23828125 0.0375 0.090625