4 0.59296875 0.5078125 0.1453125 0.1875
4 0.8390625 0.42734375 0.1484375 0.20625
4 0.94765625 0.39609375 0.1046875 0.1390625
4 0.125 0.33046875 0.10625 0.1796875
2 0.03359375 0.2921875 0.0671875 0.121875
2 0.17578125 0.27109375 0.0703125 0.1234375
2 0.31875 0.36953125 0.1 0.128125
2 0.28203125 0.5265625 0.140625 0.1796875
2 0.2171875 0.25 0.0453125 0.0921875
2 0.29296875 0.26015625 0.0484375 0.0796875
2 0.3125 0.2578125 0.0390625 0.059375
2 0.3234375 0.22734375 0.0375 0.0515625
2 0.34609375 0.2359375 0.03125 0.053125
2 0.42890625 0.23671875 0.028125 0.059375
2 0.3984375 0.26953125 0.0421875 0.0765625
4 0.51875 0.33125 0.0828125 0.134375
2 0.5640625 0.3296875 0.0484375 0.0953125
2 0.6890625 0.315625 0.0609375 0.09375
2 0.73828125 0.38046875 0.08125 0.1484375
2 0.65234375 0.29609375 0.0421875 0.0765625
2 0.6203125 0.28359375 0.053125 0.075
2 0.73125 0.2953125 0.0515625 0.0828125
4 0.75625 0.24140625 0.05 0.0640625
4 0.66640625 0.2390625 0.046875 0.059375
2 0.5328125 0.2328125 0.028125 0.0609375
4 0.815625 0.25625 0.046875 0.09375
4 0.87109375 0.2359375 0.0375 0.075
2 0.91171875 0.3109375 0.05 0.09375
4 0.94140625 0.26953125 0.0359375 0.071875
2 0.96328125 0.27109375 0.0296875 0.0671875
2 0.89140625 0.2671875 0.0375 0.0640625