2 0.55546875 0.42734375 0.165625 0.203125
2 0.85 0.4125 0.1390625 0.203125
4 0.665625 0.32890625 0.134375 0.1859375
2 0.18828125 0.42421875 0.16875 0.2265625
4 0.321875 0.3296875 0.13125 0.2109375
4 0.2046875 0.2671875 0.109375 0.15625
2 0.09765625 0.28203125 0.1140625 0.1609375
2 0.05703125 0.18984375 0.0703125 0.09375
2 0.1125 0.16484375 0.0859375 0.1140625
2 0.1921875 0.1734375 0.053125 0.10625
2 0.2265625 0.1515625 0.04375 0.084375
2 0.2484375 0.18359375 0.0484375 0.0703125
2 0.2828125 0.18828125 0.0578125 0.084375
2 0.33046875 0.2109375 0.0734375 0.1328125
2 0.32734375 0.15546875 0.040625 0.0671875
2 0.38046875 0.19765625 0.040625 0.08125
2 0.4046875 0.221875 0.0546875 0.0734375
2 0.4109375 0.15390625 0.0328125 0.0765625
2 0.43671875 0.15703125 0.04375 0.084375
2 0.49375 0.2015625 0.0484375 0.0953125
2 0.52890625 0.23203125 0.0609375 0.115625
2 0.62421875 0.19921875 0.05 0.0984375
2 0.60078125 0.16640625 0.0484375 0.08125
2 0.53984375 0.1484375 0.04375 0.0671875
2 0.665625 0.22265625 0.0765625 0.1046875
2 0.69140625 0.1546875 0.0453125 0.075
4 0.72734375 0.16015625 0.0578125 0.0875
2 0.75 0.20703125 0.0625 0.0890625
2 0.7703125 0.27265625 0.071875 0.1328125
2 0.82734375 0.22265625 0.053125 0.1
2 0.8640625 0.25078125 0.05625 0.1046875
2 0.8828125 0.20078125 0.046875 0.078125
2 0.93828125 0.2203125 0.0609375 0.0859375
2 0.9765625 0.32421875 0.046875 0.1625
2 0.97734375 0.1421875 0.0453125 0.075
2 0.92265625 0.14609375 0.053125 0.08125
2 0.83359375 0.15234375 0.0546875 0.0828125
2 0.78984375 0.1625 0.05 0.0671875