4 0.59296875 0.53984375 0.1625 0.23125
4 0.8296875 0.440625 0.1765625 0.2359375
4 0.125 0.33359375 0.1046875 0.2
2 0.0421875 0.29765625 0.084375 0.1484375
2 0.18828125 0.3015625 0.0875 0.1765625
2 0.221875 0.24609375 0.059375 0.103125
2 0.28671875 0.24921875 0.053125 0.0984375
2 0.328125 0.39609375 0.115625 0.1625
2 0.278125 0.52265625 0.14375 0.1890625
2 0.36875 0.3265625 0.071875 0.115625
2 0.3984375 0.28359375 0.059375 0.0890625
2 0.33671875 0.22578125 0.0609375 0.078125
2 0.428125 0.234375 0.05625 0.084375
4 0.5203125 0.33515625 0.0875 0.1296875
2 0.56171875 0.33359375 0.059375 0.1078125
2 0.68359375 0.29609375 0.0484375 0.125
2 0.72890625 0.36640625 0.078125 0.146875
4 0.953125 0.3859375 0.09375 0.1609375
2 0.9078125 0.3203125 0.0640625 0.1140625
2 0.83828125 0.33671875 0.08125 0.1203125
2 0.7359375 0.28828125 0.0515625 0.071875
2 0.75078125 0.24296875 0.0703125 0.0734375
2 0.8171875 0.25234375 0.053125 0.0859375
2 0.87109375 0.23125 0.0390625 0.0671875
4 0.94453125 0.259375 0.0765625 0.1078125
2 0.525 0.23671875 0.0578125 0.0890625