2 0.28515625 0.5421875 0.1546875 0.1921875
2 0.315625 0.3828125 0.1265625 0.1640625
2 0.03671875 0.29609375 0.0734375 0.1421875
4 0.1359375 0.33203125 0.0953125 0.1921875
4 0.58828125 0.53203125 0.1640625 0.1828125
4 0.83984375 0.44140625 0.171875 0.1984375
4 0.5234375 0.35 0.0984375 0.14375
4 0.84296875 0.33203125 0.0734375 0.1046875
4 0.18203125 0.284375 0.075 0.1359375
2 0.21484375 0.2453125 0.0421875 0.09375
2 0.23515625 0.21796875 0.046875 0.09375
2 0.29140625 0.26796875 0.0453125 0.103125
2 0.340625 0.2328125 0.0609375 0.0875
2 0.3671875 0.3 0.0625 0.11875
2 0.40859375 0.2734375 0.0578125 0.0984375
2 0.42421875 0.22578125 0.0515625 0.08125
2 0.5265625 0.23359375 0.0515625 0.08125
2 0.6140625 0.28125 0.05 0.084375
2 0.63984375 0.29453125 0.0515625 0.10625
2 0.68359375 0.3203125 0.06875 0.1171875
2 0.73203125 0.35859375 0.0921875 0.165625
2 0.73203125 0.28515625 0.04375 0.084375
2 0.74609375 0.22734375 0.0453125 0.0796875
2 0.675 0.25625 0.046875 0.0890625
4 0.821875 0.25703125 0.0515625 0.084375
2 0.88359375 0.25546875 0.05 0.1078125
2 0.91171875 0.31484375 0.04375 0.0953125
4 0.95234375 0.37578125 0.0875 0.1515625
2 0.95859375 0.28046875 0.059375 0.1046875