2 0.553125 0.5453125 0.1296875 0.1828125
2 0.828125 0.51953125 0.15 0.1984375
2 0.9359375 0.43046875 0.096875 0.1453125
4 0.634375 0.41875 0.140625 0.1375
4 0.3265625 0.39609375 0.115625 0.1796875
4 0.25 0.4984375 0.16875 0.2078125
2 0.12734375 0.3484375 0.096875 0.14375
4 0.0453125 0.28828125 0.090625 0.1640625
2 0.19375 0.296875 0.0828125 0.140625
2 0.2640625 0.3 0.053125 0.0921875
2 0.24296875 0.23671875 0.053125 0.0828125
2 0.30625 0.2703125 0.046875 0.084375
2 0.36640625 0.31328125 0.0703125 0.115625
2 0.3859375 0.2703125 0.046875 0.078125
2 0.41640625 0.26796875 0.0421875 0.071875
4 0.37265625 0.23671875 0.0375 0.0625
4 0.4265625 0.221875 0.0359375 0.06875
2 0.50078125 0.2375 0.0328125 0.0671875
2 0.1109375 0.24609375 0.0375 0.084375
2 0.1359375 0.228125 0.05 0.0859375
4 0.525 0.24296875 0.0453125 0.078125
2 0.5890625 0.2578125 0.040625 0.0671875
2 0.73671875 0.390625 0.0734375 0.1109375
2 0.85234375 0.3390625 0.0671875 0.103125
2 0.78203125 0.3125 0.059375 0.0828125
2 0.740625 0.2875 0.0515625 0.0828125
2 0.709375 0.2703125 0.0390625 0.0703125
2 0.65546875 0.3109375 0.0578125 0.0875
2 0.6734375 0.24296875 0.034375 0.0734375
2 0.76796875 0.24140625 0.0359375 0.0546875
2 0.8125 0.259375 0.04375 0.0703125
2 0.84140625 0.28203125 0.05 0.071875
2 0.89453125 0.29609375 0.0484375 0.084375
2 0.95546875 0.35078125 0.046875 0.1015625
2 0.95390625 0.290625 0.040625 0.071875
2 0.91796875 0.25625 0.0359375 0.05625
2 0.88515625 0.24609375 0.0484375 0.0625