4 0.59765625 0.5234375 0.1375 0.1875
4 0.82734375 0.4359375 0.10625 0.1859375
4 0.1234375 0.32734375 0.0796875 0.1546875
2 0.03046875 0.2890625 0.0609375 0.1296875
2 0.17890625 0.28046875 0.0703125 0.134375
2 0.2875 0.26875 0.040625 0.0890625
4 0.36796875 0.3140625 0.0484375 0.10625
2 0.39765625 0.28125 0.0421875 0.084375
2 0.42578125 0.23828125 0.0359375 0.0734375
4 0.52265625 0.315625 0.0640625 0.1265625
2 0.56640625 0.33671875 0.0515625 0.1015625
2 0.6859375 0.3015625 0.04375 0.0859375
2 0.28203125 0.52265625 0.1109375 0.1953125
2 0.303125 0.3875 0.0875 0.1265625
2 0.9671875 0.39140625 0.05625 0.1421875
2 0.9140625 0.30859375 0.046875 0.09375
4 0.84140625 0.31875 0.05625 0.084375
4 0.81640625 0.25703125 0.05 0.0859375
2 0.87421875 0.234375 0.028125 0.053125
2 0.8921875 0.26796875 0.0296875 0.0640625
2 0.95859375 0.28046875 0.05 0.09375
2 0.753125 0.22890625 0.03125 0.065625
2 0.7296875 0.284375 0.034375 0.0578125
2 0.7328125 0.3625 0.0671875 0.128125
2 0.621875 0.28125 0.046875 0.084375
2 0.65 0.29765625 0.0484375 0.0828125
2 0.3484375 0.2359375 0.03125 0.0609375
2 0.10625 0.25234375 0.040625 0.075
4 0.2171875 0.24765625 0.0375 0.0734375
2 0.23515625 0.22265625 0.03125 0.0671875
4 0.5375 0.22734375 0.0328125 0.084375
4 0.67109375 0.2359375 0.03125 0.0640625