4 0.11875 0.32109375 0.075 0.1421875
2 0.278125 0.52265625 0.1015625 0.18125
2 0.3046875 0.38125 0.0703125 0.125
4 0.60625 0.51328125 0.1 0.1734375
4 0.8375 0.41875 0.128125 0.19375
2 0.96328125 0.39921875 0.0734375 0.146875
2 0.74296875 0.375 0.065625 0.1296875
2 0.6921875 0.30859375 0.0546875 0.1140625
2 0.5671875 0.33359375 0.046875 0.1109375
4 0.525 0.32890625 0.0703125 0.1421875
2 0.36796875 0.3203125 0.0609375 0.1140625
2 0.17890625 0.28125 0.06875 0.1296875
2 0.03515625 0.29609375 0.0703125 0.1296875
2 0.2171875 0.2546875 0.0359375 0.0765625
2 0.23359375 0.22421875 0.03125 0.059375
2 0.28828125 0.259375 0.0375 0.084375
2 0.32421875 0.23046875 0.0296875 0.06875
2 0.3453125 0.23203125 0.0328125 0.06875
2 0.39453125 0.275 0.0453125 0.0859375
2 0.428125 0.23828125 0.0375 0.071875
2 0.615625 0.2796875 0.0390625 0.065625
2 0.64921875 0.3 0.053125 0.0953125
2 0.671875 0.23671875 0.0390625 0.0625
2 0.73515625 0.290625 0.0359375 0.084375
4 0.75625 0.23359375 0.040625 0.08125
4 0.81171875 0.2484375 0.05 0.08125
4 0.8453125 0.3140625 0.05 0.09375
2 0.91171875 0.31796875 0.0390625 0.09375
2 0.88984375 0.26953125 0.0359375 0.071875
2 0.9390625 0.26875 0.03125 0.075
4 0.96484375 0.27578125 0.034375 0.0703125
2 0.87421875 0.2359375 0.0296875 0.0640625