4 0.0515625 0.28359375 0.078125 0.1375
2 0.11484375 0.33984375 0.1109375 0.1671875
4 0.18671875 0.3015625 0.0875 0.125
2 0.259375 0.303125 0.0578125 0.09375
4 0.328125 0.378125 0.1171875 0.1703125
4 0.2703125 0.5 0.1578125 0.24375
2 0.55625 0.54609375 0.1390625 0.1796875
4 0.634375 0.41328125 0.125 0.1453125
2 0.8390625 0.50390625 0.13125 0.1890625
2 0.64765625 0.30234375 0.0796875 0.1109375
2 0.5265625 0.340625 0.078125 0.1171875
2 0.5015625 0.309375 0.0640625 0.0921875
4 0.38671875 0.28203125 0.0609375 0.09375
2 0.30703125 0.25859375 0.0515625 0.084375
2 0.23984375 0.23203125 0.0625 0.078125
4 0.3625 0.23125 0.0453125 0.0515625
4 0.42265625 0.22578125 0.05 0.084375
2 0.49921875 0.24375 0.0390625 0.06875
4 0.53359375 0.25 0.0375 0.08125
2 0.58984375 0.25625 0.0328125 0.0796875
2 0.67578125 0.25234375 0.0390625 0.0640625
2 0.70234375 0.2625 0.0421875 0.06875
2 0.73984375 0.29140625 0.0421875 0.0890625
2 0.78203125 0.31015625 0.059375 0.0984375
2 0.734375 0.39765625 0.0875 0.13125
2 0.84296875 0.32890625 0.090625 0.1421875
2 0.8390625 0.284375 0.0546875 0.078125
2 0.95 0.415625 0.1 0.1421875
2 0.95625 0.34609375 0.0765625 0.0984375
2 0.9546875 0.2953125 0.0546875 0.084375
2 0.8953125 0.29765625 0.053125 0.0875
2 0.9171875 0.25859375 0.0421875 0.06875
2 0.88671875 0.24921875 0.0390625 0.071875
4 0.81484375 0.25390625 0.053125 0.075
2 0.96484375 0.2625 0.0421875 0.0578125
2 0.1375 0.22890625 0.053125 0.075
2 0.11328125 0.2453125 0.053125 0.09375