3 0.07109375 0.65703125 0.0578125 0.09375
3 0.2390625 0.64453125 0.0578125 0.09375
3 0.59375 0.590625 0.0484375 0.0984375
3 0.4609375 0.5890625 0.05 0.09375
3 0.8609375 0.559375 0.0515625 0.1015625
3 0.9578125 0.5609375 0.05625 0.1109375
3 0.81015625 0.496875 0.0390625 0.078125
3 0.46640625 0.490625 0.0375 0.0671875
3 0.32734375 0.53046875 0.0296875 0.0609375
3 0.16015625 0.55078125 0.0453125 0.0765625
3 0.6265625 0.44375 0.028125 0.059375
3 0.234375 0.525 0.0359375 0.0640625
5 0.840625 0.68203125 0.025 0.015625