2 0.0421875 0.38671875 0.084375 0.159375
2 0.16640625 0.33203125 0.05625 0.128125
2 0.29296875 0.32421875 0.0484375 0.128125
2 0.2546875 0.26953125 0.040625 0.0875
4 0.31796875 0.23828125 0.0359375 0.103125
2 0.371875 0.26640625 0.0421875 0.1
2 0.41484375 0.2609375 0.0296875 0.096875
2 0.0890625 0.25078125 0.0390625 0.1046875
2 0.01953125 0.26171875 0.0390625 0.11875
2 0.7015625 0.1109375 0.11875 0.221875
2 0.759375 0.32890625 0.059375 0.10625
2 0.8578125 0.25625 0.0484375 0.0953125
2 0.9515625 0.1515625 0.096875 0.2109375
2 0.55625 0.26328125 0.0359375 0.11875