4 0.6125 0.47421875 0.0859375 0.1859375
4 0.721875 0.4140625 0.0734375 0.16875
2 0.090625 0.4171875 0.065625 0.1234375
2 0.1921875 0.3875 0.053125 0.1359375
2 0.02109375 0.671875 0.0421875 0.271875
4 0.3421875 0.4078125 0.065625 0.140625
2 0.453125 0.4109375 0.053125 0.1390625
2 0.37265625 0.3375 0.0296875 0.078125
2 0.4609375 0.34140625 0.0421875 0.0703125
2 0.5375 0.3546875 0.0375 0.0828125
2 0.596875 0.32421875 0.034375 0.0609375
2 0.653125 0.32265625 0.028125 0.05625
2 0.75859375 0.3328125 0.0390625 0.075
2 0.7890625 0.315625 0.0359375 0.078125
2 0.8078125 0.29765625 0.03125 0.075
2 0.89375 0.36796875 0.078125 0.13125
2 0.95078125 0.33359375 0.059375 0.115625