4 0.3359375 0.290625 0.0796875 0.159375
4 0.1765625 0.3453125 0.075 0.165625
2 0.23359375 0.54609375 0.096875 0.234375
4 0.05234375 0.2703125 0.0390625 0.0828125
2 0.08359375 0.31640625 0.0640625 0.0953125
4 0.121875 0.25859375 0.046875 0.109375
2 0.3890625 0.21640625 0.0546875 0.1234375
2 0.45234375 0.28125 0.0875 0.1375
2 0.6421875 0.1921875 0.0359375 0.1015625
4 0.71328125 0.2375 0.0578125 0.1296875
2 0.85 0.3125 0.0703125 0.1125
2 0.74765625 0.18046875 0.0515625 0.109375
2 0.76015625 0.32109375 0.06875 0.16875
2 0.95234375 0.440625 0.0859375 0.265625
2 0.96640625 0.2015625 0.0390625 0.0703125