4 0.8921875 0.46015625 0.0875 0.178125
2 0.359375 0.5796875 0.125 0.2296875
2 0.66484375 0.65859375 0.1640625 0.240625
4 0.1984375 0.4734375 0.1046875 0.16875
2 0.35703125 0.4125 0.0609375 0.134375
2 0.06796875 0.328125 0.05 0.103125
2 0.22265625 0.3625 0.0578125 0.1140625
2 0.16328125 0.3734375 0.040625 0.0828125
4 0.37578125 0.33125 0.040625 0.09375
2 0.44609375 0.315625 0.0453125 0.0859375
2 0.515625 0.34375 0.0484375 0.1515625
2 0.58125 0.34609375 0.05 0.1125
4 0.63359375 0.32265625 0.04375 0.0828125
4 0.68515625 0.3203125 0.0515625 0.065625
2 0.73828125 0.33125 0.0515625 0.090625
2 0.8171875 0.3296875 0.04375 0.090625
2 0.684375 0.434375 0.06875 0.134375
2 0.80703125 0.4390625 0.0546875 0.0921875
2 0.8890625 0.35 0.0625 0.1