4 0.6390625 0.5109375 0.16875 0.2859375
2 0.109375 0.48671875 0.078125 0.246875
2 0.2265625 0.41015625 0.075 0.16875
2 0.35390625 0.3859375 0.046875 0.1125
2 0.28671875 0.3390625 0.059375 0.109375
2 0.36640625 0.33125 0.053125 0.109375
2 0.03984375 0.3390625 0.046875 0.0828125
2 0.06015625 0.41171875 0.0546875 0.1359375
4 0.5578125 0.30390625 0.0546875 0.1078125
4 0.59765625 0.33046875 0.053125 0.125
2 0.68359375 0.33828125 0.0578125 0.128125
2 0.6203125 0.28828125 0.046875 0.084375
2 0.8140625 0.375 0.0625 0.1546875
2 0.8515625 0.3015625 0.0421875 0.0953125
2 0.93671875 0.31171875 0.0578125 0.1203125