4 0.346875 0.55390625 0.1109375 0.2234375
4 0.1796875 0.4546875 0.08125 0.178125
2 0.05546875 0.3203125 0.053125 0.125
2 0.21953125 0.3578125 0.059375 0.084375
2 0.3640625 0.3109375 0.046875 0.1125
4 0.44296875 0.309375 0.04375 0.075
2 0.5296875 0.371875 0.0421875 0.0890625
2 0.57265625 0.359375 0.0578125 0.1109375
4 0.62578125 0.31484375 0.046875 0.0859375
2 0.68984375 0.31015625 0.028125 0.0609375
2 0.73671875 0.3234375 0.046875 0.0859375
2 0.80859375 0.32890625 0.034375 0.0609375
2 0.80390625 0.428125 0.071875 0.109375
2 0.67578125 0.428125 0.0734375 0.125
2 0.9125 0.46875 0.0890625 0.178125
2 0.88203125 0.346875 0.0578125 0.09375
2 0.92265625 0.33828125 0.0546875 0.109375
2 0.15390625 0.36875 0.040625 0.0828125