4 0.0734375 0.58203125 0.1375 0.278125
2 0.12421875 0.371875 0.0609375 0.1234375
2 0.225 0.34921875 0.0625 0.1265625
2 0.37578125 0.37578125 0.065625 0.1515625
2 0.47421875 0.36640625 0.0640625 0.1171875
2 0.3984375 0.2984375 0.040625 0.071875
2 0.54765625 0.315625 0.03125 0.0671875
2 0.52265625 0.290625 0.021875 0.053125
2 0.359375 0.30390625 0.0390625 0.0828125
2 0.61171875 0.29765625 0.0328125 0.0671875
2 0.66796875 0.30546875 0.04375 0.059375
2 0.71484375 0.30390625 0.0328125 0.071875
4 0.671875 0.4546875 0.0734375 0.178125
2 0.775 0.396875 0.0859375 0.1828125
4 0.9328125 0.35625 0.075 0.1296875
2 0.834375 0.28828125 0.0296875 0.08125
2 0.796875 0.3 0.05 0.0796875
2 0.98046875 0.3203125 0.0390625 0.115625