2 0.403125 0.48671875 0.0984375 0.184375
4 0.4484375 0.409375 0.075 0.128125
2 0.05625 0.45859375 0.1125 0.184375
2 0.1515625 0.41796875 0.08125 0.1453125
2 0.2375 0.37734375 0.0703125 0.125
2 0.2890625 0.3703125 0.0546875 0.1140625
2 0.31875 0.35546875 0.0453125 0.0796875
2 0.3453125 0.34140625 0.040625 0.0796875
2 0.36640625 0.321875 0.0359375 0.071875
2 0.03984375 0.3296875 0.053125 0.0875
2 0.1078125 0.34453125 0.071875 0.1015625
2 0.14140625 0.3140625 0.0546875 0.09375
2 0.171875 0.3109375 0.046875 0.059375
2 0.6390625 0.35859375 0.0453125 0.0734375
2 0.6640625 0.39296875 0.0578125 0.096875
2 0.6953125 0.44609375 0.065625 0.1
2 0.78984375 0.553125 0.0796875 0.14375
2 0.97578125 0.43359375 0.0484375 0.1421875
2 0.8875 0.39140625 0.0703125 0.0921875
2 0.81640625 0.38828125 0.0484375 0.0609375
2 0.76484375 0.38046875 0.046875 0.05625
2 0.73203125 0.36875 0.0421875 0.059375
2 0.7109375 0.34921875 0.0375 0.040625
2 0.69453125 0.32890625 0.0265625 0.04375
2 0.7859375 0.32734375 0.034375 0.05
2 0.81171875 0.353125 0.05625 0.0578125
2 0.85546875 0.365625 0.04375 0.065625
2 0.9109375 0.3796875 0.0421875 0.06875
2 0.44296875 0.31640625 0.03125 0.0453125
2 0.4640625 0.3453125 0.04375 0.09375
2 0.4859375 0.31875 0.0390625 0.05625
2 0.56953125 0.325 0.034375 0.0578125
2 0.5875 0.32734375 0.0421875 0.0703125
2 0.59765625 0.3453125 0.0375 0.0859375