4 0.7484375 0.4046875 0.1171875 0.1984375
4 0.95078125 0.3515625 0.096875 0.175
4 0.84375 0.3546875 0.059375 0.1375
4 0.65625 0.359375 0.0578125 0.1078125
2 0.14609375 0.42421875 0.0640625 0.1296875
2 0.30703125 0.40546875 0.0640625 0.14375
2 0.26171875 0.365625 0.0515625 0.115625
2 0.378125 0.35234375 0.0484375 0.09375
4 0.44921875 0.32265625 0.0453125 0.1046875
2 0.48203125 0.2765625 0.0359375 0.0890625
2 0.39375 0.28515625 0.040625 0.08125
2 0.3375 0.3140625 0.0484375 0.1109375
2 0.12578125 0.328125 0.040625 0.1
2 0.184375 0.3046875 0.0421875 0.09375
2 0.72421875 0.27421875 0.028125 0.1
2 0.62890625 0.27890625 0.034375 0.084375
2 0.675 0.3 0.04375 0.1015625