2 0.65546875 0.46796875 0.0859375 0.1421875
2 0.5484375 0.49296875 0.0703125 0.1171875
2 0.146875 0.43515625 0.065625 0.1
2 0.09765625 0.425 0.0609375 0.0875
2 0.23125 0.40078125 0.046875 0.090625
2 0.30703125 0.47578125 0.078125 0.1296875
2 0.40234375 0.42421875 0.0578125 0.0984375
4 0.45859375 0.40625 0.0625 0.103125
2 0.340625 0.3890625 0.0546875 0.0703125
2 0.76875 0.45078125 0.0671875 0.1125
2 0.73203125 0.390625 0.0609375 0.0828125
2 0.8171875 0.39453125 0.0609375 0.121875
2 0.84453125 0.36484375 0.06875 0.109375
4 0.77578125 0.359375 0.059375 0.103125
2 0.584375 0.3796875 0.065625 0.1078125
2 0.52578125 0.40390625 0.0609375 0.0859375
2 0.44140625 0.36796875 0.059375 0.071875
2 0.39765625 0.37421875 0.05 0.084375