4 0.80234375 0.25 0.109375 0.209375
2 0.6796875 0.21640625 0.0703125 0.1421875
2 0.91953125 0.23828125 0.0578125 0.14375
2 0.21171875 0.4484375 0.0859375 0.2140625
2 0.14765625 0.2546875 0.0796875 0.1640625
2 0.27734375 0.24453125 0.0859375 0.1625
2 0.31953125 0.1671875 0.053125 0.0953125
2 0.3734375 0.21484375 0.08125 0.1203125
2 0.55625 0.15703125 0.0453125 0.11875
2 0.63359375 0.1890625 0.0578125 0.1359375
2 0.95625 0.184375 0.059375 0.1421875
2 0.87890625 0.1703125 0.05 0.1015625
2 0.653125 0.1265625 0.0515625 0.109375
2 0.04453125 0.1953125 0.0640625 0.1078125
2 0.01796875 0.2703125 0.0359375 0.146875
2 0.94609375 0.11640625 0.0453125 0.0734375