2 0.046875 0.3171875 0.09375 0.23125
2 0.27109375 0.38828125 0.0921875 0.209375
2 0.1984375 0.2203125 0.078125 0.1671875
2 0.35234375 0.21484375 0.0640625 0.1484375
2 0.3625 0.13984375 0.046875 0.084375
4 0.42265625 0.18828125 0.05625 0.103125
2 0.078125 0.203125 0.046875 0.115625
2 0.1125 0.19921875 0.0390625 0.1
2 0.61875 0.1 0.0484375 0.1125
4 0.69140625 0.16484375 0.0484375 0.121875
2 0.73203125 0.21875 0.0703125 0.128125
2 0.90546875 0.3359375 0.071875 0.25625
2 0.809375 0.18671875 0.05625 0.10625
2 0.69921875 0.1109375 0.0453125 0.0828125
2 0.9234375 0.18359375 0.06875 0.1359375
2 0.95390625 0.1359375 0.0453125 0.084375