4 0.93046875 0.140625 0.078125 0.1734375
2 0.828125 0.178125 0.0796875 0.1375
2 0.8125 0.1 0.0578125 0.1125
2 0.6734375 0.1421875 0.05625 0.1453125
2 0.71796875 0.10390625 0.05625 0.1046875
2 0.5984375 0.11875 0.04375 0.10625
2 0.3921875 0.23359375 0.0828125 0.1453125
2 0.22109375 0.2859375 0.103125 0.165625
2 0.23359375 0.184375 0.0546875 0.1015625
4 0.29609375 0.14609375 0.0453125 0.109375
4 0.37265625 0.13046875 0.059375 0.1046875
2 0.35546875 0.08515625 0.053125 0.0625
4 0.26328125 0.0921875 0.053125 0.1078125
2 0.16015625 0.10859375 0.0359375 0.09375
2 0.10234375 0.17109375 0.0390625 0.096875
2 0.06796875 0.13515625 0.0515625 0.0984375