2 0.353125 0.59140625 0.0984375 0.240625
4 0.19375 0.47109375 0.078125 0.2046875
2 0.059375 0.32890625 0.0546875 0.125
2 0.2234375 0.3625 0.05625 0.1328125
2 0.16015625 0.38046875 0.046875 0.096875
2 0.36015625 0.3375 0.05 0.103125
2 0.44296875 0.3296875 0.0484375 0.09375
4 0.5421875 0.375 0.0359375 0.11875
2 0.571875 0.36171875 0.05 0.128125
4 0.62421875 0.33671875 0.0375 0.0890625
2 0.67890625 0.32890625 0.04375 0.0609375
2 0.72734375 0.340625 0.046875 0.109375
2 0.81328125 0.34609375 0.04375 0.0765625
2 0.675 0.44765625 0.0671875 0.125
2 0.80078125 0.44296875 0.0609375 0.1078125
4 0.88515625 0.47421875 0.0890625 0.178125
2 0.88046875 0.365625 0.059375 0.1109375
2 0.90703125 0.36328125 0.0546875 0.090625
2 0.34609375 0.44296875 0.0703125 0.14375