4 0.76484375 0.2171875 0.1125 0.1890625
2 0.19296875 0.375 0.1140625 0.221875
2 0.12109375 0.22421875 0.0765625 0.15
2 0.2703125 0.19296875 0.071875 0.175
2 0.2953125 0.13125 0.040625 0.0984375
2 0.3625 0.19296875 0.059375 0.0921875
2 0.54453125 0.1203125 0.046875 0.1
4 0.61953125 0.13828125 0.0484375 0.121875
2 0.6578125 0.19921875 0.0671875 0.1609375
4 0.0484375 0.18984375 0.05625 0.115625
2 0.90703125 0.2125 0.059375 0.1546875
2 0.87734375 0.1234375 0.034375 0.0828125
2 0.93671875 0.1375 0.0546875 0.1125
2 0.92578125 0.109375 0.0421875 0.0953125
2 0.009375 0.178125 0.01875 0.1625