2 0.09609375 0.63203125 0.140625 0.3
2 0.4375 0.59765625 0.1046875 0.265625
2 0.321875 0.44375 0.06875 0.1734375
2 0.26796875 0.378125 0.040625 0.125
2 0.14453125 0.41328125 0.0578125 0.128125
4 0.046875 0.43359375 0.09375 0.1765625
2 0.225 0.3609375 0.04375 0.090625
2 0.48828125 0.37578125 0.040625 0.1046875
4 0.57265625 0.3640625 0.0484375 0.1078125
2 0.70078125 0.42421875 0.0796875 0.1296875
2 0.83828125 0.41015625 0.0734375 0.1453125
2 0.73671875 0.31875 0.03125 0.0734375
2 0.82421875 0.33203125 0.053125 0.0953125
2 0.925 0.3578125 0.0515625 0.1109375
2 0.8921875 0.3140625 0.025 0.0609375
2 0.11640625 0.384375 0.04375 0.109375
2 0.9875 0.3234375 0.025 0.059375