4 0.33046875 0.22265625 0.0828125 0.178125
2 0.1765625 0.23203125 0.0796875 0.175
2 0.2046875 0.47265625 0.1125 0.1921875
2 0.09765625 0.2046875 0.0515625 0.0953125
2 0.05859375 0.26640625 0.05 0.11875
2 0.01953125 0.221875 0.0390625 0.1015625
2 0.42890625 0.2328125 0.0578125 0.121875
2 0.365625 0.15078125 0.0453125 0.115625
2 0.62421875 0.13203125 0.0546875 0.1234375
2 0.9421875 0.34453125 0.103125 0.2359375
2 0.7625 0.27734375 0.071875 0.1578125
2 0.70234375 0.1984375 0.059375 0.13125
2 0.82109375 0.2296875 0.0625 0.125
2 0.7359375 0.1546875 0.053125 0.1234375