2 0.14609375 0.25234375 0.0734375 0.178125
2 0.32734375 0.25 0.078125 0.1625
4 0.228125 0.23125 0.0609375 0.128125
2 0.08359375 0.2265625 0.04375 0.0796875
2 0.38515625 0.2015625 0.0359375 0.128125
2 0.428125 0.18359375 0.0390625 0.1
2 0.56171875 0.18671875 0.046875 0.090625
2 0.6328125 0.26015625 0.05625 0.1109375
2 0.74375 0.35625 0.0609375 0.1453125
2 0.92109375 0.33203125 0.0921875 0.1625
2 0.80234375 0.275 0.0484375 0.109375
2 0.709375 0.22734375 0.0546875 0.109375
2 0.85078125 0.228125 0.0359375 0.078125
2 0.91171875 0.23125 0.040625 0.0875
2 0.03828125 0.21796875 0.0421875 0.09375
2 0.63671875 0.184375 0.0453125 0.0859375