2 0.0453125 0.278125 0.090625 0.25
2 0.284375 0.371875 0.1015625 0.190625
2 0.21640625 0.203125 0.0578125 0.159375
2 0.36015625 0.1984375 0.078125 0.14375
4 0.86875 0.19140625 0.1203125 0.2078125
2 0.7515625 0.1875 0.059375 0.14375
2 0.7046875 0.1234375 0.053125 0.1125
2 0.63203125 0.0875 0.04375 0.10625
2 0.44375 0.16875 0.0515625 0.1109375
2 0.371875 0.109375 0.0515625 0.0875
2 0.09609375 0.18046875 0.0359375 0.1140625
2 0.12734375 0.1578125 0.0421875 0.1234375
2 0.046875 0.178125 0.0484375 0.0953125
2 0.96796875 0.1359375 0.04375 0.1046875
2 0.81953125 0.1625 0.0484375 0.1140625
2 0.715625 0.08515625 0.0515625 0.10625