4 0.26171875 0.42109375 0.071875 0.13125
2 0.1046875 0.36796875 0.0625 0.1203125
2 0.23203125 0.309375 0.028125 0.0984375
2 0.20546875 0.29140625 0.03125 0.078125
2 0.271875 0.2875 0.0453125 0.0796875
2 0.3546875 0.34921875 0.0625 0.1171875
2 0.46640625 0.34609375 0.053125 0.1125
2 0.42578125 0.27578125 0.0390625 0.09375
2 0.48046875 0.25859375 0.0453125 0.0875
2 0.71796875 0.25625 0.0390625 0.0953125
2 0.76328125 0.26953125 0.0671875 0.096875
2 0.815625 0.25390625 0.046875 0.0984375
2 0.86953125 0.2890625 0.05625 0.125
2 0.9640625 0.3140625 0.071875 0.15625