4 0.696875 0.24609375 0.06875 0.1375
2 0.29296875 0.24765625 0.08125 0.1625
2 0.12109375 0.2515625 0.0765625 0.1640625
2 0.15859375 0.50859375 0.140625 0.2546875
2 0.92265625 0.4234375 0.153125 0.2875
2 0.4 0.221875 0.046875 0.096875
2 0.34453125 0.1578125 0.05 0.1296875
4 0.071875 0.20625 0.0578125 0.109375
2 0.0265625 0.2671875 0.053125 0.1203125
2 0.6078125 0.14765625 0.05625 0.13125
2 0.69765625 0.16328125 0.059375 0.13125
2 0.80546875 0.23359375 0.0640625 0.125
2 0.94921875 0.2421875 0.0625 0.1578125
2 0.96953125 0.165625 0.053125 0.1453125