2 0.284375 0.45390625 0.109375 0.2484375
2 0.03359375 0.4078125 0.0671875 0.2828125
2 0.225 0.228125 0.090625 0.15
2 0.39375 0.2578125 0.071875 0.15
2 0.425 0.159375 0.0453125 0.1046875
2 0.4828125 0.20234375 0.0515625 0.1140625
2 0.12578125 0.259375 0.0359375 0.09375
4 0.16171875 0.2 0.0515625 0.1140625
2 0.08828125 0.221875 0.0421875 0.078125
4 0.69140625 0.11875 0.0578125 0.109375
2 0.77890625 0.1265625 0.0453125 0.109375
2 0.753125 0.25625 0.0703125 0.11875
2 0.82265625 0.25078125 0.06875 0.1875
2 0.8984375 0.25859375 0.059375 0.159375
2 0.98984375 0.36796875 0.0203125 0.40625