2 0.08203125 0.55390625 0.0953125 0.1109375
2 0.1734375 0.53828125 0.0796875 0.1046875
2 0.25390625 0.56171875 0.0703125 0.10625
2 0.33125 0.5640625 0.0546875 0.09375
2 0.4921875 0.58671875 0.075 0.1296875
2 0.5359375 0.5328125 0.0546875 0.1125
2 0.5234375 0.3984375 0.03125 0.059375
2 0.56796875 0.490625 0.0375 0.078125
2 0.57734375 0.46875 0.03125 0.0671875
2 0.59296875 0.4453125 0.03125 0.0640625
2 0.59921875 0.4421875 0.025 0.0484375
2 0.684375 0.42109375 0.0234375 0.04375
2 0.69375 0.44453125 0.0234375 0.05
2 0.7109375 0.46171875 0.0328125 0.0578125
2 0.728125 0.4828125 0.0390625 0.0703125
2 0.74375 0.4890625 0.0375 0.0625
2 0.76796875 0.509375 0.04375 0.08125
2 0.79453125 0.53984375 0.078125 0.1171875
2 0.8859375 0.6390625 0.0953125 0.1640625
2 0.965625 0.490625 0.0671875 0.0984375
2 0.9171875 0.47109375 0.0625 0.0828125
2 0.878125 0.46953125 0.0515625 0.078125
2 0.846875 0.45078125 0.053125 0.0703125
2 0.82734375 0.43359375 0.0421875 0.053125
2 0.96953125 0.43828125 0.0484375 0.084375
2 0.21640625 0.49921875 0.0453125 0.0703125
2 0.2578125 0.484375 0.04375 0.0734375
2 0.3046875 0.49375 0.040625 0.0578125
2 0.32421875 0.46953125 0.0359375 0.06875
2 0.35234375 0.47109375 0.03125 0.06875
2 0.37734375 0.50703125 0.05625 0.08125
2 0.41875 0.5 0.046875 0.071875
2 0.4421875 0.48125 0.03125 0.0515625
2 0.46328125 0.46875 0.0328125 0.05625
2 0.475 0.45390625 0.03125 0.046875
2 0.503125 0.44375 0.0296875 0.059375
2 0.38984375 0.453125 0.0390625 0.05
2 0.4328125 0.44296875 0.040625 0.0375