2 0.071875 0.53203125 0.1171875 0.1828125
2 0.178125 0.46953125 0.075 0.1390625
2 0.284375 0.42734375 0.078125 0.1296875
2 0.3546875 0.61484375 0.1328125 0.215625
2 0.44296875 0.48828125 0.06875 0.1296875
2 0.48828125 0.45234375 0.0484375 0.1046875
2 0.51796875 0.40625 0.059375 0.109375
2 0.53671875 0.36953125 0.0390625 0.0859375
2 0.56640625 0.3296875 0.0375 0.0796875
2 0.34140625 0.3875 0.0609375 0.096875
2 0.38203125 0.36953125 0.04375 0.0859375
2 0.41484375 0.3640625 0.0359375 0.0859375
2 0.43671875 0.32734375 0.034375 0.0765625
2 0.46015625 0.321875 0.0390625 0.065625
2 0.1375 0.39296875 0.0515625 0.065625
2 0.20625 0.38359375 0.05625 0.0796875
2 0.17578125 0.34375 0.0421875 0.0421875
2 0.2140625 0.35546875 0.0421875 0.0828125
2 0.25859375 0.33828125 0.0390625 0.06875
2 0.28984375 0.3265625 0.0359375 0.0546875
2 0.3375 0.328125 0.0359375 0.040625
2 0.71015625 0.3828125 0.0421875 0.065625
2 0.73203125 0.3953125 0.0625 0.0734375
2 0.75625 0.45234375 0.078125 0.1
2 0.78359375 0.51953125 0.11875 0.1390625
2 0.9234375 0.7453125 0.14375 0.225
2 0.93203125 0.39140625 0.0609375 0.0953125
2 0.97109375 0.45 0.0578125 0.125
2 0.878125 0.384375 0.0484375 0.0640625
2 0.85234375 0.353125 0.0453125 0.05625
2 0.82734375 0.32734375 0.0453125 0.059375
2 0.66796875 0.3078125 0.0328125 0.0375
2 0.6875 0.33046875 0.0390625 0.0625
2 0.69375 0.34296875 0.0421875 0.075
2 0.96328125 0.33359375 0.0546875 0.0671875
2 0.52890625 0.31796875 0.028125 0.0484375