2 0.06015625 0.55625 0.1203125 0.25
2 0.1234375 0.465625 0.084375 0.171875
2 0.196875 0.4171875 0.0640625 0.1390625
2 0.2390625 0.41875 0.059375 0.109375
2 0.259375 0.4265625 0.059375 0.0984375
2 0.26796875 0.41015625 0.0359375 0.065625
2 0.3046875 0.41328125 0.0484375 0.084375
2 0.50078125 0.59375 0.1015625 0.15625
2 0.47421875 0.5140625 0.0765625 0.1296875
2 0.45546875 0.48984375 0.0546875 0.0859375
2 0.440625 0.45703125 0.053125 0.0828125
2 0.4265625 0.43359375 0.0515625 0.0734375
2 0.50546875 0.44296875 0.0484375 0.0875
2 0.534375 0.43671875 0.0484375 0.0796875
2 0.55625 0.46015625 0.0484375 0.08125
2 0.590625 0.48046875 0.05 0.1015625
2 0.63515625 0.509375 0.0640625 0.1203125
2 0.67890625 0.5375 0.0703125 0.1296875
2 0.7859375 0.63125 0.0765625 0.11875
2 0.95703125 0.6515625 0.0859375 0.146875
2 0.8671875 0.54375 0.0671875 0.125
2 0.81640625 0.51796875 0.053125 0.078125
2 0.77890625 0.51640625 0.0390625 0.078125
2 0.728125 0.5 0.0578125 0.0796875
2 0.70234375 0.484375 0.0375 0.0734375
2 0.67734375 0.46171875 0.0390625 0.0640625
2 0.10078125 0.378125 0.04375 0.078125
2 0.04765625 0.38359375 0.05 0.08125
2 0.01796875 0.371875 0.0359375 0.0984375
2 0.1390625 0.38359375 0.034375 0.0703125
2 0.16640625 0.37421875 0.040625 0.065625
2 0.36640625 0.415625 0.0375 0.059375