2 0.12421875 0.4328125 0.090625 0.1
2 0.16328125 0.47265625 0.1 0.1703125
2 0.25546875 0.57578125 0.228125 0.23125
2 0.28359375 0.45546875 0.0734375 0.0890625
2 0.378125 0.4921875 0.1109375 0.121875
2 0.52578125 0.55625 0.1578125 0.171875
2 0.86328125 0.76796875 0.2734375 0.4640625
2 0.7875 0.5171875 0.1328125 0.1453125
2 0.8671875 0.48046875 0.10625 0.1359375
2 0.7171875 0.4671875 0.065625 0.0796875
2 0.56796875 0.43515625 0.0859375 0.1078125
2 0.49296875 0.43984375 0.0734375 0.096875
2 0.425 0.42890625 0.075 0.0984375