2 0.71328125 0.734375 0.2109375 0.2625
2 0.22734375 0.596875 0.1546875 0.1765625
2 0.109375 0.51328125 0.10625 0.109375
2 0.0765625 0.45390625 0.084375 0.0859375
2 0.2375 0.46484375 0.0625 0.059375
2 0.28125 0.48515625 0.065625 0.1390625
2 0.3546875 0.43984375 0.0453125 0.0546875
2 0.4828125 0.57890625 0.121875 0.121875
2 0.4265625 0.48125 0.0625 0.0609375
2 0.50078125 0.4390625 0.0546875 0.0640625
2 0.5421875 0.49375 0.0515625 0.075
2 0.6046875 0.46796875 0.059375 0.065625
2 0.68125 0.4984375 0.0828125 0.1125
2 0.7859375 0.49609375 0.0734375 0.1078125
2 0.8703125 0.478125 0.090625 0.103125
2 0.971875 0.55234375 0.05625 0.125