2 0.33828125 0.5921875 0.140625 0.1640625
2 0.22265625 0.5171875 0.1046875 0.10625
2 0.5859375 0.5453125 0.0921875 0.1265625
2 0.1953125 0.4578125 0.075 0.0703125
2 0.34453125 0.47265625 0.05625 0.05625
2 0.3828125 0.475 0.0859375 0.1078125
2 0.453125 0.45625 0.053125 0.0671875
2 0.525 0.484375 0.0625 0.0671875
2 0.6375 0.49921875 0.0703125 0.0859375
2 0.71875 0.48828125 0.059375 0.090625
2 0.8453125 0.73828125 0.1671875 0.2234375
2 0.82109375 0.55234375 0.0765625 0.096875
2 0.91328125 0.53046875 0.075 0.0953125
2 0.984375 0.50703125 0.03125 0.0765625