2 0.43828125 0.60234375 0.128125 0.1515625
2 0.32578125 0.525 0.0875 0.096875
2 0.02890625 0.51640625 0.0578125 0.1234375
2 0.09765625 0.46015625 0.065625 0.0984375
2 0.3015625 0.46953125 0.059375 0.06875
2 0.4453125 0.48359375 0.0484375 0.0625
2 0.4984375 0.54296875 0.08125 0.09375
2 0.53984375 0.47421875 0.0390625 0.04375
2 0.67890625 0.60625 0.10625 0.109375
2 0.92734375 0.80546875 0.1453125 0.2421875
2 0.7359375 0.5390625 0.0578125 0.08125
2 0.81171875 0.5234375 0.0515625 0.0625
2 0.93359375 0.5890625 0.08125 0.1015625
2 0.615625 0.4984375 0.046875 0.059375
2 0.70859375 0.50078125 0.05 0.053125