2 0.0671875 0.36875 0.134375 0.1734375
2 0.15625 0.30390625 0.10625 0.103125
2 0.209375 0.240625 0.0703125 0.1359375
2 0.175 0.2203125 0.059375 0.103125
2 0.040625 0.2484375 0.08125 0.1
2 0.42578125 0.25 0.075 0.0984375
2 0.46640625 0.2265625 0.065625 0.090625
2 0.503125 0.3390625 0.1078125 0.1296875
2 0.89765625 0.628125 0.2046875 0.271875
2 0.7609375 0.36171875 0.1203125 0.159375
2 0.55703125 0.2546875 0.06875 0.1171875
2 0.6109375 0.271875 0.0828125 0.11875
2 0.70234375 0.26640625 0.078125 0.084375
2 0.96015625 0.346875 0.0796875 0.15