2 0.0515625 0.33828125 0.103125 0.2
2 0.259375 0.3953125 0.1296875 0.1546875
2 0.178125 0.26875 0.065625 0.1125
2 0.2453125 0.2734375 0.05625 0.1109375
2 0.34921875 0.23828125 0.040625 0.0984375
2 0.3828125 0.26171875 0.071875 0.115625
2 0.68515625 0.3453125 0.1234375 0.1546875
2 0.95078125 0.3609375 0.0984375 0.1859375
2 0.79140625 0.271875 0.0859375 0.134375
2 0.73671875 0.27109375 0.08125 0.140625
2 0.603125 0.25078125 0.0578125 0.1109375
2 0.63984375 0.2234375 0.046875 0.1
2 0.88671875 0.25625 0.0609375 0.1078125