2 0.66953125 0.746875 0.2828125 0.3390625
2 0.6046875 0.50390625 0.125 0.1234375
2 0.68984375 0.47578125 0.090625 0.1140625
2 0.79921875 0.45703125 0.0921875 0.115625
2 0.92578125 0.559375 0.1046875 0.1546875
2 0.36953125 0.57578125 0.121875 0.1515625
2 0.0828125 0.58828125 0.1453125 0.259375
2 0.09296875 0.46875 0.0828125 0.1234375
2 0.196875 0.51640625 0.090625 0.1390625
2 0.24609375 0.4265625 0.0765625 0.0828125
2 0.31640625 0.4609375 0.090625 0.1109375
2 0.43046875 0.4890625 0.0921875 0.125
2 0.40546875 0.42734375 0.0890625 0.1109375
2 0.54296875 0.4703125 0.071875 0.0953125