2 0.3640625 0.46796875 0.125 0.1453125
2 0.13046875 0.415625 0.1140625 0.1484375
2 0.08203125 0.34140625 0.103125 0.0984375
2 0.2765625 0.359375 0.0828125 0.103125
2 0.31484375 0.3234375 0.053125 0.090625
2 0.378125 0.3328125 0.071875 0.08125
2 0.434375 0.30859375 0.0609375 0.0859375
2 0.51328125 0.3546875 0.075 0.078125
2 0.4640625 0.40546875 0.0796875 0.1
2 0.76015625 0.3578125 0.0765625 0.1078125
2 0.79921875 0.35625 0.078125 0.0765625
2 0.8484375 0.540625 0.190625 0.2125
2 0.82734375 0.428125 0.1109375 0.125
2 0.91640625 0.378125 0.1078125 0.140625