2 0.07578125 0.59453125 0.1515625 0.1921875
2 0.34921875 0.56171875 0.121875 0.125
2 0.578125 0.72734375 0.1875 0.2328125
2 0.1390625 0.48203125 0.06875 0.103125
2 0.09453125 0.471875 0.071875 0.0796875
2 0.20625 0.43984375 0.06875 0.065625
2 0.3015625 0.47578125 0.0734375 0.08125
2 0.3734375 0.45703125 0.05625 0.084375
2 0.41171875 0.4953125 0.0625 0.0890625
2 0.48125 0.4703125 0.0671875 0.0859375
2 0.5796875 0.51640625 0.0890625 0.0921875
2 0.65234375 0.496875 0.0734375 0.0921875
2 0.71953125 0.4625 0.078125 0.1078125
2 0.8515625 0.5328125 0.1265625 0.1453125